+-----------+-------+-------+-------+--------+-------+------------+-------------+------------------+-----------------+-------------+
|           |   MCC |    FN |    FP |     TN |    TP |   accuracy | embedding   |   median_between |   median_within |   threshold |
+===========+=======+=======+=======+========+=======+============+=============+==================+=================+=============+
| Influenza | 0.576 | 11237 | 69685 | 516435 | 63318 |      0.878 | mds         |            0.104 |          -1.476 |      -0.868 |
+-----------+-------+-------+-------+--------+-------+------------+-------------+------------------+-----------------+-------------+
|           | 0.604 | 11167 | 61032 | 525088 | 63388 |      0.891 | genetic     |            0.11  |          -1.418 |      -0.88  |
+-----------+-------+-------+-------+--------+-------+------------+-------------+------------------+-----------------+-------------+
|           | 0.664 |  4796 | 60044 | 526076 | 69759 |      0.902 | pca         |            0.28  |          -1.659 |      -1.138 |
+-----------+-------+-------+-------+--------+-------+------------+-------------+------------------+-----------------+-------------+
|           | 0.67  |  1707 | 66501 | 519619 | 72848 |      0.897 | umap        |            0.172 |          -1.481 |      -1.048 |
+-----------+-------+-------+-------+--------+-------+------------+-------------+------------------+-----------------+-------------+
|           | 0.764 |  4268 | 34749 | 551371 | 70287 |      0.941 | t-sne       |            0.159 |          -1.666 |      -1.09  |
+-----------+-------+-------+-------+--------+-------+------------+-------------+------------------+-----------------+-------------+
| Zika      | 0.663 |  3379 | 21376 | 172773 | 29273 |      0.891 | pca         |            0.07  |          -1.434 |      -0.868 |
+-----------+-------+-------+-------+--------+-------+------------+-------------+------------------+-----------------+-------------+
|           | 0.42  |  6450 | 47231 | 146918 | 26202 |      0.763 | mds         |            0.083 |          -1.088 |      -0.622 |
+-----------+-------+-------+-------+--------+-------+------------+-------------+------------------+-----------------+-------------+
|           | 0.54  |  3644 | 36918 | 157231 | 29008 |      0.821 | t-sne       |           -0.201 |          -1.094 |      -0.736 |
+-----------+-------+-------+-------+--------+-------+------------+-------------+------------------+-----------------+-------------+
|           | 0.378 |  7830 | 49454 | 144695 | 24822 |      0.747 | umap        |           -0.551 |          -0.786 |      -0.67  |
+-----------+-------+-------+-------+--------+-------+------------+-------------+------------------+-----------------+-------------+
|           | 0.513 |  5608 | 34603 | 159546 | 27044 |      0.823 | genetic     |           -0.063 |          -1.128 |      -0.694 |
+-----------+-------+-------+-------+--------+-------+------------+-------------+------------------+-----------------+-------------+
| MERS      | 0     |  1388 |     0 |  32803 |     0 |      0.959 | pca         |           -0.489 |          -0.504 |     nan     |
+-----------+-------+-------+-------+--------+-------+------------+-------------+------------------+-----------------+-------------+
|           | 0.625 |   234 |  1163 |  31640 |  1154 |      0.959 | mds         |           -0.117 |          -1.627 |      -1.27  |
+-----------+-------+-------+-------+--------+-------+------------+-------------+------------------+-----------------+-------------+
|           | 0.626 |   135 |  1466 |  31337 |  1253 |      0.953 | t-sne       |            0.02  |          -1.526 |      -1.372 |
+-----------+-------+-------+-------+--------+-------+------------+-------------+------------------+-----------------+-------------+
|           | 0.479 |   309 |  2164 |  30639 |  1079 |      0.928 | umap        |            0.087 |          -1.348 |      -1.234 |
+-----------+-------+-------+-------+--------+-------+------------+-------------+------------------+-----------------+-------------+
|           | 0.712 |   197 |   754 |  32049 |  1191 |      0.972 | genetic     |            0.135 |          -1.865 |      -1.42  |
+-----------+-------+-------+-------+--------+-------+------------+-------------+------------------+-----------------+-------------+